     0   2922   1604   2064   1747   3231   1879   2448   2350   3049   4255   2898   2732   1849   2941   1838   3275   2628   2571   5902   3567   3581   3273   2890   2231   1573   2704   2229   2236   3055   2341   2199   1761   3171   2714   1744   2925   1978   3740   2703   2964   2957   2641   3097   3535   2196   1683   3611   2509   1970   3298   3205   2580   2625   3411   1568   3228   2584   2098   3120   2281   2612   2086   1484   1700   3072   3465   3600   1567   1730   1745   4301   3232   3431   2129   4438   3332   1711   1108   2074   2947   2269   2046   2329   4567   3226   2193   2485   2596   1925   1868   2782   2193   2271   3173   3084   3147   3147   1807   1597   4148   1638   2234   3345   1799   3371   2962   2163   2384   2935   1850   1923   2496   3771   3362   2021   3659   1780   1197   3169   3617   2600   2287   3337   1251   1373   3331   1416   2774   2158   2611   6969   1548   2390   3594   2618   1915   2449   2647   3588   3201   2554   2647   1293   2795   2795   2547   2289   3782   2992   2022   3643   2948   2930   1710   3197   3209   2777   2208   1625   3036   2886   3129   4022   3207    998   3491   2553   1544   3572   3171   3463   2153   2608   2511   3241   2734   1966   2643   2486   2800   1711   1626   3291   1898   1932   2821   2124   1660 
  2922      0   3159   2916   2791   3285   3081   2569   5043   3545   7068   3590   3619   5244   4248   4870   4907   2843   2248   3824   1675   4726   4784   3912   3240   2393   5066   5459   5966   5206   4443   3415   2115   5808   4033   3899   4279   4244   3421   2834   4328   4884   4825   3746   5786   3126   3342   3023   7693   2783   4103   4054   5124   6163   8149   4424   6229   6962   6623   3625   4578   4084   2165   3815   4640   3587   4127   4460   3011   3572   4925   2472   4656   5148   5557   5545   3402   3530   3727   3832   4440   4918   4878   3415   3829   3248   4930   3100   4739   3306   3953   4290   3973   3173   5225   3440   5845   4839   5917   2705   5638   4557   2685   9329   1890   6047   5486   3793   5007   5259   2957   4679   6968   7479   4735   5100   2633   3418   3100   6450   3980   5789   2410   3480   2496   4197   3407   3887   3801   4258   7346   9159   2558   4550   6330   3238   3394   4860   2861   8049   6873   4943   5415   3132   4319   3673   8107   6009   7386   4490   3439   8646   3098   4450   3534   4159   5566   5054   3083   3190   5493   2428   5487   6007   3671   1760   2663   4331   3546   4318   4494   3247   5056   3940   4305   4685   4347   2393   6105   4849   5008   5585   3857   3666   4077   4562   5545   3736   2286 
  1604   3159      0   2277   4036   2062   3201   1640   2938   3626   3301   5369   2489   3718   3897   2444   2595   2423   9442   1975   2074   2738   4430   4066   3229  10654   3454   6091   3296   3712   2387   2702   2413   5574   3405   3128   3548   4180   2274   2365   3116   3909   4208   1976   3893   4876   3261   2269   4546   2875   2949   3967   2886   4120   5592   4318   4801   2335   2566   2760   3173   3393   9296   2878   2855   2171   4110   3299   9939   3695   4805   2087   2666   4892   3776   4246   3953   2680   2295   3470   3207   4405   3638   1994   3763   2713   4082   3921   4007   3284   2129   3139   3300   3389   3310   3333   5762   2722   2862   1856   3780   3241   2305   3898   2823   4785   3626   3935   4023   4007   2176   3532   7604   4337   3889   2886   2609   3430   2804   6072   4103   4600   3435   4761   1787   2944   1733   2498   2200   3085   7200   5004   1906   3227   5865   4433   2494   5934   3033   6735   3757   3555   4156   2734   4082   4459   3131   5551   3477   3014   2684   3522   2998   2566   5092   2648   3578   4159   3471   1527   3920   5344   3766   5949   2394   1844   2691   4810   2906   3262   2505   3164   2361   2310   2544   2579   4964   3176   3237   3064   3485   3438   2639   2644   5538   4143   2470   4269   2901 
  2064   2916   2277      0   2015   2496   2837   1925   2947   1840   2069   3980   2609   4264   3019   2732   2577   2312   1778   2887   2021   2414   2790   2220   3140   1458   3417   3884   2799   3377   2287   1689   2489   2568   2842   1939   2117   2370   1862   2494   2874   2183   3248   2439   3091   2552   1835   2546   2849   1816   3254   2432   2965   2787   3777   3212   2995   3372   4569   2401   3641   1989   3115   2216   2038   3089   1768   2583   3004   3094   3133   3055   2920   2594   2551   2688   2851   2199   1771   1905   2843   3146   2364   2595   1752   2169   2609   2632   2596   2280   1164   2358   2044   2332   3711   2563   1911   2281   3411   1692   3768   3311   2460   3732   2767   2757   3315   2149   2379   2625   2254   1637   2883   2284   4079   3248   3202   2293   2563   2489   2636   2024   2729   2456   1807   2064   2606   1900   3290   3100   1917   4826   1653   1763   3881   2694   2551   2750   2747   3907   3379   2635   3324   1631   3494   3195   3688   3904   2844   2709   3297   3974   1670   3320   3487   2863   3526   3413   2959   2499   3073   2169   4344   3789   3002   1662   2257   3017   2776   2790   3008   2983   2141   3195   2886   2608   2892   2269   2705   3039   3731   2252   1801   2384   3324   4251   2942   2297   2275 
  1747   2791   4036   2015      0   3220   3839   2177   1979   1918   3949   3098   1938   2181   2220   3382   3321   2572   2063   2729   2301   3107   2157   1774   3216   1549   3058   4070   4488   4085   5978   2061   2615   4059   2794   3102   2154   2669   3149   1507   2661   1865   3132   3147   3375   3053   2391   3333   2308   2078   2956   2619   2430   2897   5168   4082   3639   2398   4897   3934   3775   4120   2509   3893   3773   3906   2073   3292   1810   3715   2869   2529   2626   2586   5202   2361   2973   4078   2338   3218   5186   3886   2322   1728   2390   2224   1699   2235   2096   2186   2768   2261   2172   4455   3711   2042   4581   3313   5079   2184   2834   2621   2584   2349   2735   3463   2998   3448   3523   4402   1782   2050   4475   4248   4990   3703   2548   2907   1194   2308   4111   4335   3230   2344   2194   3003   2171   3259   2910   2620   4498   3154   2365   3322   4104   4380   2484   2431   2510   3160   3840   3860   3231   1849   2724   2419   3692   4511   3191   2661   2187   2808   2968   3302   3007   2277   2662   2686   4172   2276   4620   3190   2387   3747   2655   1786   2750   3197   3915   2617   2800   2134   3338   3049   4304   2060   3043   1832   3521   2530   3043   4871   3400   2805   2758   4168   4094   2166   2976 
  3231   3285   2062   2496   3220      0   2965   2114   4815   3826   5115   2603   2793   3573   3189   3087   4011   2709   2144   3263   1716   3496   2433   2647   3167   2198   3157   3017   2750   4837   2985   4133   2387   4696   3357   2842   2530   2694   2758   2422   3557   3421   3857   3777   4498   3850   2779   5225   3083   3032   5869   2569   3117   4340   2760   3281   4574   7468   2449   3932   2783   4122   2339   2122   4018   3052   2692   3461   2060   3341   3083   3913   4468   4748   5338   4871   2636   2823   3511   3687   5425   3904   3557   2586   2309   3027   2698   3918   3565   2508   1997   4814   4884   3194   3393   3584   4419   3425   2256   1937   3183   3054   5279   4589   2924   2457   4420   2802   5706   3397   2070   3912   2873   1906   4735   3298   5693   4433   2450   3205   2531   4317   2955   3441   1616   3237   2579   2761   3428   3633   2515   3877   2157   2803   2315   2762   2833   3174   3116   6086   4887   2421   2923   2046   3815   2945   5100   3718   3832   6035   4312   3231   2987   5026   3849   3226   3060   3473   5334   3561   3469   2515   4682   2877   3031   2379   2498   4049   2259   3235   2407   2636   2915   3430   2008   3172   2512   3096   4219   3664   3076   3736   5276   4531   4708   5089   2801   4175   2150 
  1879   3081   3201   2837   3839   2965      0   1913   2648   1848   3553   2630   1999   3597   4163   3257   3984   3181   2399   2739   2532   3828   2548   3258   2705   2640   2898   2614   4106   4106   2256   2158   1703   3538   2810   2353   2416   4043   3327   2628   3308   1886   2566   3053   3208   3419   1968   3533   3197   1789   3949   2353   2631   4777   3027   2583   4418   2492   3321   2844   2181   3567   2234   2430   3304   3115   2948   2753   2555   3373   3031   2928   3116   2646   4130   3687   3225   3232   2980   2192   3614   4624   2768   2459   2457   2896   2841   3121   2917   2467   2193   3376   3955   4353   3593   1950   2155   3267   3598   1912   6856   1851   4855   5336   1456   3392   5029   2844   2506   3132   3530   2635   2569   2535   3643   6264   3229   2113   2110   2256   2719   2874   3387   2719   1966   2468   2236   2514   2683   2586   2170   2824   2258   2752   3708   2862   2658   2155   2386   2790   3698   3108   3497   3294   4374   1889   3957   3120   4659   2827   2841   2640   3348   4248   2716   3140   2372   2897   4279   1839   3834   3109   3240   2700   2339   2156   2225   3122   2637   4298   2944   2002   3038   2383   3168   2727   2498   2417   3961   3361   3301   3105   3669   2925   3304   2986   2375   2905   1950 
  2448   2569   1640   1925   2177   2114   1913      0   2605   2292   2050   2907   1759   2852   2697   2526   2979   1949   1894   2532   3024   2374   1770   1656   2051   1730   1908   1892   3606   2796   3183   2910   1570   3260   3012   1599   2122   1538   2799   1775   2994   2922   1844   2025   2188   2026   1801   2250   1876   1645   3666   2365   1929   3977   2530   2338   2379   3365   3581   2385   2829   2767   1792   2423   2029   1800   1552   1845   1523   2958   2176   3829   3504   2313   2386   1389   2771   2177   1743   2521   2414   2144   1471   1945   1719   1727   2458   1818   2278   2302   1496   1808   1595   3109   2510   2015   2068   2018   2506   2018   2199   1686   2291   2666   2033   2511   2946   1541   1965   2322   1579   2037   2641   3050   2860   2584   2325   2548   2007   2982   2832   2712   2360   2732   1787   2394   2206   2040   2763   1966   2369   2851   2135   1957   2647   1634   2058   2783   2225   2997   2720   1888   2559   2331   2001   1873   2024   1951   3819   2839   2255   3239   2703   2919   2581   2343   2993   2369   2299   2458   2503   2161   1828   2564   2678   1488   2481   2203   2144   1791   2441   2101   1996   2458   2004   1893   3372   3636   1971   3378   3527   2825   2161   1766   1708   2317   2352   2733   1929 
  2350   5043   2938   2947   1979   4815   2648   2605      0   2589   5172   3738   2356   2297   2958   1822   2544   1754   1915   2805   2863   4511   2046   3191   3209   2188   2892   3200   5653   5628   5584   2672   1667   5202   3400   2726   2284   2147   3704   2103   3489   1987   2188   3763   2385   1832   1914   4210   4532   2562   3900   5936   2640   4808   6133   4584   3637   3453   3683   3540   4785   2205   1920   2747   1712   2690   3000   3215   2683   3479   3308   2182   2799   3749   3964   4180   4451   2355   2940   4273   4456   2573   4212   2660   2068   1905   4519   1677   2732   3469   2006   2098   3456   4557   3710   2771   5849   3074   3664   2327   4590   3486   4719   5404   3030   5070   3890   3910   3368   6203   2733   3530   3740   3052   4723   2796   3177   3342   3769   4552   3057   5172   4259   2756   1692   3276   2564   3098   3971   4234   6177   5439   3471   1991   4070   1892   2901   4821   2552   4689   3351   3866   3583   3417   4587   2827   2573   2670   4225   5524   2123   4879   1864   2984   3323   3371   4907   3052   4090   4310   6634   5135   3422   5792   4032   1523   2698   3141   2992   3073   3215   2450   3235   3403   3110   2859   3637   4349   3367   4827   4381   3568   3271   2425   3220   4283   2859   4575   2421 
  3049   3545   3626   1840   1918   3826   1848   2292   2589      0   2781   3892   3005   3369   2837   2728   3528   1957   1796   5728   4749   2954   4147   3230   3019   1206   2726   2836   2642   1972   2755   2638   1737   2680   2068   1810   4002   1503   3508   2217   3288   3546   2326   2170   4550   3204   2393   2417   1981   3049   3481   3594   2881   2876   4473   2397   3078   3618   2489   3010   3738   3729   2289   2340   2432   3083   4961   2214   1320   3241   2475   3539   2438   6578   4073   3953   2323   2568   1810   3489   2238   3344   3177   1391   2941   2197   2552   2847   2897   1728   1387   2290   3323   2583   2783   4022   3581   2434   2601   2610   4084   2595   2019   2338   2245   3669   2234   2008   2302   2367   1905   3104   2789   4486   4717   2115   3206   3127   2086   2444   3101   3242   3612   3304   1699   2527   4641   1686   2559   3102   4055   4095   1635   4358   6450   2710   2752   3255   2168   5006   2533   3072   3005   1887   2702   2216   2905   2280   3445   2908   1529   3086   3498   3075   2499   2333   3501   3135   2250   1427   2037   2368   1992   3749   2035   1551   4962   3220   2046   1794   3423   2910   4400   4038   2115   2962   4709   1578   3238   2676   5353   1577   3781   3171   3339   2446   3629   2478   3149 
  4255   7068   3301   2069   3949   5115   3553   2050   5172   2781      0   6275   3680   4738   6281   5158   5379   3576   1947   4800   2228   6307   3646   3822   3411   2593   4254   3628   6202   5742   5551   3756   2130   3180   3541   3304   5901   5315   5927   3117   6447   3967   5332   3966   4291   4038   2592   3394   6504   3126   7670   3776   3942   7548   6626   4596   5774   4112   5668   4344   4377   4388   2451   4373   5881   3223   6289   3990   2392   5158   4763   4280   4662   5450   4579   8075   7436   2717   3748   4332   5102   4669   4276   4024   3594   4431   3176   3864   4720   2061   3383   3224   4936   4627   5601   2354   6039   5471   2011   2528   5951   3348   6489   6623   1840   5229   5451   4504   2683   4616   3496   3680   5034   3479   5408   5598   4490   5416   1999   5215   3125   6841   4275   2847   1796   3009   3813   3365   5233   5639   4536   7513   3259   2726   5966   3393   3193   4867   4222   7707   6584   3144   5795   3365   6737   6525   5567   5553   6922   6583   3181   6099   2680   4718   3267   2907   4095   5488   6568   4194   4910   4602   4734   8068   5387   1280   4395   5692   3645   4117   3074   4713   7391   4106   3089   5119   5179   2136   4729   5617   6261   7621   7160   4076   3499   5248   7118   5596   2890 
  2898   3590   5369   3980   3098   2603   2630   2907   3738   3892   6275      0   4232   3411   5252   6272   5271   3001   2156   4403   2463   5105   5042   3741   2549   2436   5373   4111   5146   5275   4827   2717   2062   4389   4667   2783   3565   3232   4273   4118   5316   2547   7488   4565   5492   3562   3210   2980   6182   3141   6509   3869   3671   5264   6905   2806   6340   3022   6962   3391   5150   4821   3194   4903   4387   3230   3806   3123   2900   4028   5284   4009   4787   6357   4687   3285   4104   2817   2889   4231   4128   4225   4448   2511   5064   2642   3603   3589   3522   3346   1780   4362   5307   2799   7416   3771   5460   5181   5798   3402   7296   4354   3229   5056   2838   7513   5120   4267   3869   3816   4136   3517   7871   2623   6998   4978   3557   3702   1703   8878   3705   5908   3603   3129   3153   2986   2445   2847   3994   6480   8802   7684   2687   3749   6132   3974   3581   6092   3382  11839   6323   6209   6015   3256   4806   5459   4942   5936   5139   5593   5521   7473   2895   3517   4139   2931   5349   3737   3473   3313   3973   4343   6573   6748   3843   1896   2592   4731   3851   7618   7598   4789   3738   2115   5110   5974   6571   1875   8739   6571   6878   4954   5066   4501   3629   7223   4262   4848   2324 
  2732   3619   2489   2609   1938   2793   1999   1759   2356   3005   3680   4232      0   1937   2285   1806   3502   1969   1943   3494   3092   5027   2545   2397   3116   2239   3052   2460   3366   3930   2864   3072   1743   3129   2110   1837   3374   2048   4413   1994   3074   1862   2530   3321   2966   2054   1821   4396   2135   2944   3848   3013   2732   3218   2941   1610   2566   3385   3079   3061   3087   2935   2376   1739   1813   2218   2968   2503   2126   2716   2741   3515   2553   4031   3330   3783   3095   3018   2642   2518   4952   3742   3628   2015   1997   3503   5213   3222   3360   1515   2099   2758   2319   2516   3836   2273   2490   2568   2282   1948   5825   2554   2722   2644   2978   4486   3691   1891   2495   1834   1842   1318   2933   3004   3847   3534   3552   3959   1697   2937   2254   2644   2286   2637   1504   2691   4334   1950   4355   2235   3016   5091   2385   4495   2848   1708   2286   2406   2767   5935   4057   4707   2008   1883   3784   2664   1905   2511   4308   3021   2991   3211   3240   3603   2746   2438   4477   3074   2602   1810   2680   2571   4460   3766   3067   1360   3816   5139   1908   3330   2744   3553   3356   3081   2149   2264   4076   2758   5461   3047   6937   2250   2269   2187   2950   3224   2253   3866   2534 
  1849   5244   3718   4264   2181   3573   3597   2852   2297   3369   4738   3411   1937      0   4459   3234   3189   2261   2264   5382   2003   4329   3742   4030   3504   2287   4500   3257   3186   4168   3568   4062   1920   2452   4339   2842   3621   3280   5138   3374   4453   4375   4878   3319   3623   4190   2310   3458   3976   2065   3708   2713   4528   3820   3730   2420   3438   3013   4987   3350   3559   3589   2310   2405   2821   2929   3208   3373   2884   3288   3609   3645   4409   4072   4421   3673   4339   2581   4439   2461   4885   4302   3270   2705   2408   1539   2608   2873   4621   3735   2059   2919   4070   2950   4322   2761   3431   4661   3687   2468   4741   3680   2776   3985   2591   2960   4493   2799   3501   3891   3633   3038   4018   2917   4519   3199   4518   2554   2105   3994   3200   4767   2751   3019   2666   3056   3383   5526   4712   4663   4116   3653   3204   2250   3700   4158   2605   2840   3359   4467   4723   3655   3646   3229   3735   3085   5784   5457   3832   3820   3645   3612   4638   4721   3234   3518   3541   3877   3645   2418   3719   3754   3901   3949   3554   1373   2424   5152   2310   3381   4277   2821   3023   4332   3086   3465   3850   4449   4437   4126   3474   3678   3269   3052   2960   3869   3752   2408   2143 
  2941   4248   3897   3019   2220   3189   4163   2697   2958   2837   6281   5252   2285   4459      0   2372   3796   2164   1793   2631   5328   5109   4656   3288   2893   3012   3927   4116   2821   4164   4637   3944   2145   2277   3227   2810   2819   3043   3716   2383   5179   3123   3352   3075   5356   2902   2635   1572   5045   1596   4605   3393   2762   7003   3506   1728   3791   5135   2231   3357   2247   2678   2303   2084   2141   2501   2653   2681   2945   4648   3315   2851   3714   5240   2616   6494   3742   2927   3060   3741   3569   3670   3991   2470   2509   2277   3703   2278   3091   2437   1814   4217   3452   2586   3831   2538   5203   3249   2672   2680   3150   2031   6238   3695   2088   3377   2457   2406   1899   3440   2467   1936   3579   5042   4918   2504   3872   3550   2329   2724   3301   4860   2729   2252   2090   3202   4584   2912   2338   4203   3226   4912   1756   3293   3318   4327   2797   3326   2569   4711   3876   5396   3058   3578   5034   3812   6448   2960  10035   4048   2581   4971   3069   3628   3240   3241   4544   4351   4237   2011   3658   3496   3443   4558   4081   1929   2726   2517   2304   3457   3329   2055   3576   2493   2385   3178   3620   2545   3097   4452   4722   3457   4899   3055   3712   2197   4694   1951   2306 
  1838   4870   2444   2732   3382   3087   3257   2526   1822   2728   5158   6272   1806   3234   2372      0   4699   2917   1721   4182   2158   6966   2836   2516   3473   2361   4022   5078   7510   4622   7629   2629   2329   4681   2465   2659   4181   6165   2798   3596   4326   2584   4169   3250   4984   3002   3136   3206   3642   2254   4923   4668   3323   5436   5566   2782   4194   2646   3425   2631   6263   4433   2524   2995   2935   2867   2784   3113   2225   4561   4448   4225   4140   4440   4730   2738   4506   3629   3519   4160   5676   5316   3258   2448   5341   3933   4501   2992   3538   2841   3382   3994   3433   4566   5737   3270   5314   3724   4352   3425   4729   2640   3084   3929   3300   4483   3407   3709   4214   3487   5933   3051   6425   3924   5820   3728   4015   3329   2330   3959   4086   4637   3193   3424   2081   5037   2788   3425   2285   3370   5515   6141   1926   3286   5133   2401   3109   4475   4410   6696   6912   2730   6115   2509   2623   3587   5436   3719   4276   3904   3607   7454   4652   2780   4401   5825   3069   2641   3037   2122   4092   3504   3885   6183   4516   1820   2961   2675   4067   3144   3918   3831   1723   2495   3602   3210   3807   2672   3202   4119   5760   4444   5847   2451   3317   3451   3719   2634   3081 
  3275   4907   2595   2577   3321   4011   3984   2979   2544   3528   5379   5271   3502   3189   3796   4699      0   4169   2223   4792   5483   7958   4357   2727   8600   2365   3433   4125   2653   3218   3545   3321   2320   3547   3283   3215   4150   2445   6010   2999   3946   3956   5231   4988   5508   2581   2874   3520   3271   2434   6595   5918   3570   6303   5620   3518   6386   4598   2461   4059   2339   5239   2472   3059   2719   3529   5737   3143   2787   4252   3322   7871   4710   5749   4054   3723   3716   4057   2836   2594   3390   4649   4602   2506   4676   3779   4905   3351   3589   2741   4090   3417   3669   3076   3190   3349   4775   4987   2899   2867   5310   4056   4512   4373   2602   3895   3285   3821   3793   3931   3362   2363   3538   4289   5134   3318   4541   2372   2063   5184   4034   5148   3469   3839   1616   2888   6600   2815   4939   2985   5815   4407   2261   4249   7270   4019   3783   4397   6374   5732   6801   4182   3259   2058   5002   3700   4653   2640   5094   5047   4453   5616   3328   5952   4059   7460   4617   3854   2852   2637   3376   3136   3785   8596   4950   2436   4420   5054   5361   4572   3492   6425   3452   3443   3164   4950   3403   3505   4369   4259   3497   3034   5262   3537   4600   3636   3989   4229   3798 
  2628   2843   2423   2312   2572   2709   3181   1949   1754   1957   3576   3001   1969   2261   2164   2917   4169      0   1737   2813   2770   3123   2185   2372   3702   2703   2959   3026   3640   2708   3788  11287   1902   3316   2298   2432   3105   2987   2863   3277   4300   2707   3474   3018   3729   2136   2597   3648   3614   2373   3541   4160   2014   2859   3656   2082   2738   4281   2392   4589   3785   3996   2541   2059   2002   3377   2223   2684   1912   3253   2539   3775   3639   4650   3801   3278   2594  16145   2774   2845   3803   3136   4013   2047   2790   3407   3170  15462   3720   3074   2509   2771   2514   3612   5002   2420   2753   2584   2649  17262   3852   1560   2848   3084   3047   3607   2772   3714   2200   3004   3410   1773   2956   2925   4039   3611   4256   2805   1958   3636   3159   2933   2606   3137   1284   2222   3027   1945   2836   2686   2577   4535   1837   2660   3474   1960   2984   2818   4897   3950   4586   3505   3713   1907   3660   3215   2662   3471   3459   3630   4239   4135   3141   4639   3682   3316   3777   3446   4800   2705   3207   2734   2878   5657   2853   2665   2424   3484   2881   2825   3541   2176   2967   3471   2655   3455   2348   2811   3067   3371   3389   2527   3177   2529   1928   3333   3896   2411   2511 
  2571   2248   9442   1778   2063   2144   2399   1894   1915   1796   1947   2156   1943   2264   1793   1721   2223   1737      0   1992   1669   1779   2325   1828   2356  12077   2949   1846   2021   2473   1999   1487   2790   2170   1831   3104   2324   2032   1597   2069   2331   1430   2152   2711   2652   2414   1835   2975   2317   1515   2335   1788   2308   2478   2934   1877   3511   2013   2458   2513   2997   2087  10165   1438   1903   1937   1818   2074  13239   2219   1989   2113   2539   2290   1968   2052   2097   1665   2099   1386   1897   1896   1742   1955   1903   1949   1980   2854   2681   1204   1436   1922   1843   2312   2329   1877   1853   2499   2348   1452   3424   2329   2000   1684   2152   2320   1985   1329   2240   1998   2046   2276   2663   2039   2404   2446   2213   1684   2294   2378   3167   1893   1944   2691   1694   2895   2218   2171   2353   1736   1770   2847   1322   1966   2485   1870   1861   1828   2500   3016   2759   2425   2216   1926   2077   2415   2255   1870   2188   2219   3131   2340   2471   2830   1418   3283   2937   2365   2053   2035   1702   2050   1991   3075   2391   1594   1770   2416   1806   2067   2182   1590   2525   2478   1905   2132   2036   2088   2120   2417   2824   2311   2189   1689   1761   2553   2251   1874   1556 
  5902   3824   1975   2887   2729   3263   2739   2532   2805   5728   4800   4403   3494   5382   2631   4182   4792   2813   1992      0   3353   5062   3043   3188   4728   2182   6331   4312   3962   3455   3382   3502   1877   2239   4068   2909   3466   3121   6523   2566   3940   3087   3814   3989   4306   3390   2050   4411   3973   2071   3851   4112   3454   3343   5803   2626   5616   5733   4115   3852   3294   3096   1939   2659   3665   3384   5425   3568   1733   3903   3927   3867   4224   6667   3765   4359   3824   2643   2704   3139   3735   2301   4131   2227   3245   3221   5202   2256   3703   2975   1628   3205   3512   2649   5384   5677   4731   3731   3332   2840   3445   3950   2614   3649   1918   3022   3651   3111   3672   3276   3077   2371   5671   4583   3076   2680   4658   2749   1923   3018   5486   3318   3164   5420   1686   3011   3865   2426   2989   3249   2912   6059   1930   3739   5697   3319   3986   3665   2942   7446   4837   3661   3162   2631   4777   2536   4147   4017   3933   4699   3135   5629   3083   3405   3481   4360   2704   3021   2606   3571   4122   3846   3534   5200   4394   1973   4268   4612   3100   3668   3770   2423   7088   3936   2526   3553   2617   3410   3693   3615   4928   3135   2691   3419   2497   2986   3535   3692   2992 
  3567   1675   2074   2021   2301   1716   2532   3024   2863   4749   2228   2463   3092   2003   5328   2158   5483   2770   1669   3353      0   5321   4491   2212   4263   2188   2582   1959   2646   2171   2399   2001   2243   2563   3174   1951   4542   2150   2499   2276   3759   4159   2374   3797   4240   2053   2182   3292   2953   2104   3537   4979   2512   5044   2497   3552   1993   3356   2898   5588   3437   3172   2685   2759   1902   2086   5941   3103   2111   2126   2289   2926   3027   6879   2961   2005   2425   3079   1945   1833   3291   4441   3666   2135   1974   3793   3323   2411   3063   2323   2327   3445   2607   2632   2310   4510   4121   3016   2636   2197   4032   2534   1859   2345   2588   4054   3283   2633   3197   2240   2307   3228   2333   5692   3761   2224   2871   2269   1734   3839   2932   4738   2249   3594   2194   2480   6139   2276   2852   2706   1969   5118   1559   4831   3890   2824   2426   3080   2841   7192   5380   3414   2300   1861   3483   3514   2183   3409   2294   2724   2906   3368   4065   2367   2125   2353   2092   4194   2634   2771   2163   5008   2441   5850   2453   2872   4456   3013   2277   3153   4726   2725   3125   2310   3167   4059   4623   1581   2561   2697   2275   4172   2766   2346   5305   3234   2743   3328   2452 
  3581   4726   2738   2414   3107   3496   3828   2374   4511   2954   6307   5105   5027   4329   5109   6966   7958   3123   1779   5062   5321      0   5625   4167   2530   2873   3605   3470   5234   3820   4863   3380   3291   4477   2782   3293   4509   5256   4927   2327   4446   4127   3224   3727   5323   3472   2380   4023   4490   2779   4210   4331   3425   6298   4963   2705   4619   2989   2888   6376   4049   4719   2623   2589   3044   2867   4999   4223   3101   4557   3624   8580   4310   6610   4126   4477   5503   2893   3324   3961   5961   3689   6088   2027   4382   3063   5410   4919   3411   2630   2489   5438   5648   2934   4500   4188   5288   4621   3072   2293   6236   2502   8809   5805   2756   3552   3846   4727   4943   2920   3562   2977   3690   4174   5176   2987   3830   3101   2557   2877   5104   4607   2702   2692   2191   3201   3972   3120   4060   4924   4947  10312   2502   4583   6994   3581   2939   4582   3146   7529   6853   4011   5713   4352   7831   3508   2925   4890   8501   3982   5921   5068   3520   5845   3234   4992   4673   5025   3406   4734   3316   3064   6627   4944   3596   1944   2861   4702   3212   6359   4642   4863   4145   2569   4585   3516   4118   3819   5580   4593   4547   5367   4384   4154   2993   4738   7100   3940   2708 
  3273   4784   4430   2790   2157   2433   2548   1770   2046   4147   3646   5042   2545   3742   4656   2836   4357   2185   2325   3043   4491   5625      0   3868   4106   2197   6632   6516   4157   3419   2457   3049   2593   3491   2756   3938   3726   2154   4342   2667   5069   2722   4909   4016   5392   2476   2297   3410   3123   4073   5822   2977   5196   3543   4804   3224   3400   2818   3578   4791   2952   2720   2714   2844   2853   2786   8476   4629   2908   4239   4163   4547   4587   8499   3447   2415   3491   3301   2251   2471   4031   4071   4575   2874   3052   2598   7020   3486   3974   2240   2420   5156   2585   2008   2499   3724   6175   3340   2633   2754   4153   2366   1763   3055   2471   3349   5904   3617   6549   4211   2315   2410   4884   7118   8269   2829   5012   2029   2275   8722   3368   5802   4319   4648   1778   3191   4666   1796   3395   2559   6704   8476   2142   3055   6025   4768   3256   4632   1935   9524   5557   4865   3793   2280   7408   4704   3532   3143   2932   2804   3537   3062   2762   3498   3604   4499   3569   3446   2282   2333   3409   4564   3594   9172   5503   1158   2906   3561   2430   6201   3880   3248   3546   3205   3427   3072   7908   2547   6289   2632   6408   1804   4356   2440   2561   3913   3173   2954   3666 
  2890   3912   4066   2220   1774   2647   3258   1656   3191   3230   3822   3741   2397   4030   3288   2516   2727   2372   1828   3188   2212   4167   3868      0   2485   1642   3948   2968   2953   2748   3477   2442   1785   2746   2645   2050   3320   2476   4056   2432   3694   2573   3112   3099   3168   3195   1605   2222   3017   2057   4696   2630   4223   3351   2842   2900   3230   2786   3511   2826   2253   3098   2337   2550   2553   2097   2188   2827   2119   2308   2753   2558   2574   3626   2567   3847   3656   2396   2237   2438   2839   2532   2906   2257   2120   2065   3147   2059   3391   1831   2738   2235   3540   3332   3504   2140   2966   3317   2772   1799   3836   2440   4212   4011   1959   3451   2724   3087   1950   3328   1899   1715   3092   2889   3451   2719   2648   2083   2014   3905   2658   3785   2970   2870   1473   2541   3478   1980   2093   2509   3289   3893   1610   1966   3930   2633   2286   3471   2258   4365   2922   2654   3576   1370   4936   2780   4374   4433   4292   3388   2300   3243   3310   4097   2613   2416   3853   2695   2603   1838   3243   3185   2784   3507   3112   1891   2925   4451   1852   3615   2871   3164   3193   2293   2014   2701   4211   1682   2867   2848   4919   2926   3129   2782   2212   3134   2851   3648   1694 
  2231   3240   3229   3140   3216   3167   2705   2051   3209   3019   3411   2549   3116   3504   2893   3473   8600   3702   2356   4728   4263   2530   4106   2485      0   2722   3160   3170   2748   3628   4039   3339   2205   2592   2546   2488   3485   3041   5851   3259   2820   3959   5186   3423   4808   3784   4034   2722   2942   3475   3784   3416   4354   4349   4428   5848   5531   3271   2812   3769   3135   3306   2594   2665   3349   3049   4700   3214   3632   3157   3419   5114   4171   4501   3964   2908   3731   3831   2856   3295   3044   4198   3650   3189   2713   2664   2624   3766   3372   3018   2891   4103   3426   2386   3364   3751   3160   2806   3427   2521   3408   2525   3149   3886   2836   3661   6533   3282   3026   2793   2697   1783   3303   3121   3668   2717   3090   2631   2772   3452   2585   5245   3267   2598   2452   2844   2420   4542   4319   3050   3622   3094   3361   2404   4542   3307   3369   2634   3648   2917   4412   4336   2619   2897   4409   4747   3391   3491   4176   4956   2853   4145   3483   4108   3791   4608   3250   3835   3441   2716   4117   3429   5288   4087   4510   1733   3045   5795   3490   4307   4474   3056   2694   2962   3048   3237   5180   3472   3908   4041   3173   3483   3622   2552   2752   3084   4453   2514   3347 
  1573   2393  10654   1458   1549   2198   2640   1730   2188   1206   2593   2436   2239   2287   3012   2361   2365   2703  12077   2182   2188   2873   2197   1642   2722      0   2659   1855   2396   2244   2327   2638   3616   1508   2291   1568   1700   1963   1823   1325   2491   1454   2011   1864   2740   1873   1345   2165   1658   1210   3356   1929   1274   2043   2139   2411   3109   2049   2342   2060   2707   1506  11806   1324   1319   1589   1244   1772  13122   2562   3163   1695   2422   2671   1947   1663   2719   1814   1655   2127   1210   1425   1816   1646   1441   2346   1821   1251   1858   1696   1570   1669   1838   2217   1964   1515   1329   1578   1801   1348   2757   1378   3129   2115   2783   1770   2716   1194   2229   1882   2938   2853   2236   2074   2715   2501   2385   1352   2363   2277   3706   2677   2067   2626   2057   1461   2051   1962   2473   1513   2549   2514   1150   1622   2418   1642   1874   1752   1250   2235   2174   2073   3370   1385   1813   2174   2337   2418   2917   2239   1907   2867   2357   3148   2188   2085   2308   1935   2983   2106   2103   2509   1722   2436   2191   2157   2253   1913   2051   2047   2573   1540   2484   1929   1967   2517   1779   1484   2492   2520   3152   2588   2436   1590   3200   1983   1829   1898   1455 
  2704   5066   3454   3417   3058   3157   2898   1908   2892   2726   4254   5373   3052   4500   3927   4022   3433   2959   2949   6331   2582   3605   6632   3948   3160   2659      0   3472   3917   3433   2650   3199   1536   2812   3750   3764   2473   2283   5325   2253   3756   3741   5072   3388   4418   3244   1618   2616   3506   2033   3335   2606   4050   5566   3598   3994   4070   2836   5459   4032   3336   2228   2154   2800   3381   3893   2813   4280   2398   4383   3315   3878   4125   3122   3912   3188   4193   2429   2195   4283   3190   3347   3041   2600   3972   2208   3280   3004   3274   3355   2083   3790   2999   3343   4779   2731   2714   3238   3908   1987   4013   3572   3596   8269   1871   5369   5339   1951   5276   3173   2394   2097   3785   3384   3533   2922   5228   2784   2046   6218   2799   4052   3972   2900   1405   2615   3115   2042   2728   4557   5007   4377   1352   2264   4657   3345   3072   3371   3489   4990   3842   3186   3141   2936   4024   2728   5393   5495   4769   5630   2647   5066   2696   4405   3460   2813   4340   3286   3010   1962   3281   2738   4774   4275   3403   1400   2745   3905   2623   5018   3305   3127   2657   3695   3448   3161   3183   1968   3601   4609   5169   3482   3717   3807   3168   3628   5110   3696   2875 
  2229   5459   6091   3884   4070   3017   2614   1892   3200   2836   3628   4111   2460   3257   4116   5078   4125   3026   1846   4312   1959   3470   6516   2968   3170   1855   3472      0   5116   5290   3918   3764   1486   4745   3300   2772   2484   2840   4888   2430   4931   2544   5425   2874   4378   2605   3066   3297   3736   2774   3921   3704   3138   3920   3809   4313   6220   3012   5080   3466   4724   3078   2372   3106   2422   3953   2761   5504   1571   4418   4690   3002   3350   4352   6270   3463   5022   3473   3172   3684   5128   4149   3595   1721   2141   3039   3216   2134   3871   2528   2596   2811   3591   3510   5733   4218   5048   3695   4994   2374   4091   2756   3218   4184   2709   4520   4341   4802   4810   4497   3561   3006   6057   4356   4953   3956   4622   1989   1855   5256   4231   5431   3146   5098   1253   4099   3629   1980   3425   2643   4348   6471   1532   2571   6165   4407   2873   3930   4897   6158   5703   5259   4516   1939   5215   4016   4585   3961   6281   3169   4080   5739   2641   4336   4542   3568   4566   3966   3435   2103   4732   2824   3630   5934   3331   1662   3440   4454   2834   4988   3632   3977   4138   4073   3264   2247   3691   2556   5361   2982   5606   2998   2319   3140   3567   4750   2969   2935   3201 
  2236   5966   3296   2799   4488   2750   4106   3606   5653   2642   6202   5146   3366   3186   2821   7510   2653   3640   2021   3962   2646   5234   4157   2953   2748   2396   3917   5116      0   4509   7592   2708   2031   3228   4164   4059   2669   3503   3137   3581   3404   2772   6326   2591   4417   3258   3131   2419   4943   3682   2943   4415   3944   4395   4986   3997   5378   3708   3881   3308   4694   3776   2212   3518   4486   2748   5364   3772   2081   4536   5456   3428   2670   5617   4185   5508   4742   3346   3443   4427   5712   5386   4881   2468   4907   2889   4338   4153   3264   2725   2778   3740   4138   6515   5738   3288   4778   3516   6120   3419   4538   2715   3475   4069   3012   5281   3928   2664   4219   6246   3852   3643   4717   4236  10086   2943   4193   5455   1916   6301   5219   6413   3433   2660   4120   3147   1771   3789   3172   5008   4991   8661   2579   3606   2795   3107   3355   5972   3454   6551   3240   2524   5145   3659   3568   3110   4577   4866   4960   3859   4896   5404   2863   5567   4029   3282   4478   2985   2698   2816   4398   5985   4565   6621   4314   2101   2422   3936   2608   4336   3487   2906   2978   2886   3810   2482   6643   2412   4144   3700   6167   4644   6844   3827   3642   5126   5465   4615   2548 
  3055   5206   3712   3377   4085   4837   4106   2796   5628   1972   5742   5275   3930   4168   4164   4622   3218   2708   2473   3455   2171   3820   3419   2748   3628   2244   3433   5290   4509      0   7573   2899   2565   5722   4033   3092   4295   2685   4063   2678   6323   3791   5128   3042   4353   3497   4162   5777   7135   2254   4453   5198   4202   6031   8521   3786   4549   2522   4610   4667   1970   5718   2110   2272   3853   2289   3527   4005   1993   3473   3932   3636   3345   5514   4577   5277   8709   2532   4477   3887   7489   3593   4369   3010   3383   4865   6631   4255   2786   3257   3312   4442   5937   7440   4190   3041   4982   4857   3769   2809   5106   3721   5602   5317   1689   5026   3854   3643   4540   4839   3543   3487   4271   2338   6348   3343   3182   6262   2340   2893   2498   5587   2322   3443   1995   3843   2984   3473   4445   5543   5348   5867   2193   2270   5255   3301   2961   4946   4677   8761   5949   6040   3868   2873   5658   5762   3877   4800   6161   7369   3658   6593   3158   4584   3414   3720   4553   4651   4688   3156   4652   5598   3221   4413   4073   2104   2778   4533   4425   3858   3720   3317   5187   2156   3052   4087   4511   2426   3609   5174   4595   6125   6055   4420   5153   5481   4175   3288   2413 
